Case #1:
105707311176085286 3
472826.354495
122322286 2
11059.940597
476689948542 3
7811.695956
-6328377989447983282 5
-nan
52853655588042643 2
229899229.202802
864170501 1
864170501.000000
105707311176085286 3
472826.354495
105707311176085286 3
472826.354495
7794 2
88.283634
Case #2:
57430 2
239.645572
100 2
10.000000
-6087357763658159116 6
-nan
215207841024750 3
59926.562098
-8381598841747925248 9
-nan
-6508181605855683712 7
-nan
4020100 4
44.777435
6305999040 3
1847.500793
-6087357763658159116 5
-nan
Case #3:
38281024240200 2
6187166.091208
-4797741553688839224 6
-nan
8169848655 2
90387.215108
400217838838176375 2
632627725.315747
800435677676352750 3
928486.255860
944568273784283518 4
31175.134697
335780779720500 3
69505.410253
8004356776763527500 4
53190.198312
4802614066058116500 4
46813.317817
12 2
3.464102
Case #4:
5347814593516884840 5
5567.180066
23682 2
153.889571
23682 2
153.889571
49251062996638580 2
221925805.161632
-4818267503816137548 3
-nan
1634031334068 2
1278292.350782
4218797242693099752 3
1615832.048986
-4818267503816137548 3
-nan
Case #5:
-6803010768490576864 4
-nan
-5787152219478076192 5
-nan
975650705 1
975650705.000000
Case #6:
2381380500 2
48799.390365
22310400368080 2
4723388.653084
1639839767141060284 5
4395.014202
1986501680 2
44570.188243
1732376111595760500 3
1201012.134874
2283538979312655107 3
1316849.499733
238138050 1
238138050.000000
173237611159576050 2
416218225.405347
-4262205592571243520 10
-nan
8453196654748318378 4
53920.665427
Case #7:
88924112214 2
298201.462461
4092077846899565408 4
44976.532669
565421270656680 4
4876.329408
-4009782314685808508 4
-nan
6266885770 2
79163.664455
6222476412062404032 6
1356.210835
2720742065414070400 8
201.528244
-7130545361074568896 7
-nan
Case #8:
375270 2
612.592850
7201806570 3
1931.140258
Case #9:
1000000000 1
1000000000.000000
Case #10:
-1430654878356148224 5
-nan
-5327749495113416704 9
-nan
2439876867747855104 4
39522.278793
-8255496824582862350 3
-nan
182983286304 4
654.037810
-158961653150683136 4
-nan
8469015435834762240 4
53945.873680
8693126773999828992 8
233.022041
-1548594759740653568 7
-nan
417208890675402120 2
645917092.725841
Case #11:
32767000000000 2
5724246.675328
32767 2
181.016574
1 1
1.000000
Case #12:
28713911413394 2
5358536.312595
12906741399282 2
3592595.357020
8717419648937451312 6
1434.601648
2179354912234362828 5
4652.277292
-6501367557651584940 7
-nan
643504599 2
25367.392436
12676826098767 2
3560453.074928
4190933712339583656 8
212.710461
38030478296301 3
33628.740024
-1280613974117006700 7
-nan
Case #13:
9 1
9.000000
-8517243091368574880 4
-nan
-8517243091368574880 4
-nan
Case #14:
734928800 2
27109.570266
957157477570362560 6
992.728674
2053994758364913920 6
1127.456743
361772181687868000 4
24524.987361
91905058490560875 3
451280.400276
5409927981414326432 4
48227.846606
1345667564081233664 5
4224.619087
3171923650748947712 8
205.430697
Case #15:
24 3
2.884499
2488647572 3
1355.151342
406488384 4
141.991398
4 1
4.000000
252901582471950912 5
3024.059343
6 2
2.449490
14931885432 4
349.565579
Case #16:
5 1
5.000000
2564427210240488448 6
1169.943968
6434476987440 4
1592.679217
98117524147845600 4
17698.507541
25 2
5.000000
-5694064767514418688 7
-nan
-9185402454427719680 8
-nan
Case #17:
838574856082656 5
965.402385
830016 3
93.978568
2783891244 2
52762.593227
2662313424396495360 6
1177.271228
385112379129984 4
4429.930061
6870619877952927744 7
490.907218
-5402572757696540672 8
-nan
5567782488 3
1772.395969
-6469749082767049216 6
-nan
Case #18:
-864328173168808588 7
-nan
77544572178064270 5
2387.318046
5998686630910096382 5
5696.541099
77544572178064270 5
2387.318046
1441437374421 4
1095.718375
55093446 4
86.153908
3752050781929006538 8
209.789423
122916123 2
11086.754394
122916123 2
11086.754394
9 1
9.000000
Case #19:
99378661764096 3
46319.555321
5621670126218379264 7
477.037142
5206193826392178688 10
74.413552
-4904707188653457408 6
-nan
2751864192 3
1401.336172
1629893165311066112 8
189.025281
8525894150065324032 5
6111.502409
1549112448 2
39358.765834
Case #20:
375505571 1
375505571.000000
1779340399117890180 4
36522.858426
8191091052237077724 5
6062.731718
72422839170500 3
41682.956529
Case #21:
4120416972251818464 6
1266.164680
-6733471844166463712 8
-nan
9086335780 2
95322.273263
Case #22:
3611259642 2
60093.757097
53474 1
53474.000000
9438588792 3
2113.338291
176508 2
420.128552
67533 1
67533.000000
176508 2
420.128552
Case #23:
-2560408989295156992 5
-nan
535838225080320 5
882.687016
8196 3
20.162017
402560 2
634.476162
-7719730544791351296 6
-nan
535838225080320 4
4811.255526
-1102818649255907328 5
-nan
72670 1
72670.000000
488676980673700 3
78766.333022
1610240 3
117.209695
Case #24:
832905 3
94.087477
3618972985099607468 8
208.844560
5571083187 2
74639.689087
1045135132612650 5
1008.868331
2258652834 2
47525.286259
185090 3
56.989431
Case #25:
254736024007522458 2
504713804.058818
240 3
6.214465
-8082581577973400174 4
-nan
29557440 5
31.198475
985248 3
99.505829
48 2
6.928203
2292624216067702122 3
1318593.584702
Case #26:
-3700206483813835720 3
-nan
5493570193521251560 6
1328.339579
1593020848510452760 9
105.309864
-7454701312987298424 4
-nan
148638 2
385.535991
3420044895318686168 5
5091.038267
-5762706353301883716 4
-nan
1217762699855313927 4
33219.314544
3852888363839292532 5
5213.835024
-5762706353301883716 4
-nan
Case #27:
731032911 3
900.835812
3717647596169373872 8
209.548004
46494 3
35.958285
6642 2
81.498466
39475777194 5
131.603106
33271572859 3
3216.309084
7982619550117408 3
199855.057902
72 2
8.485281
307838773192762854 6
821.713748
-4262384911248688992 5
-nan
Case #28:
1822197245262255362 5
4488.684462
58481 1
58481.000000
1074651346569755710 3
1024289.047840
1074651346569755710 3
1024289.047840
1822197245262255362 5
4488.684462
1822197245262255362 5
4488.684462
204127090879130615 3
588798.753726
204127090879130615 3
588798.753726
1074651346569755710 3
1024289.047840
4134783065 2
64302.278848
Case #29:
9 1
9.000000
4489999452 2
67007.458182
9 1
9.000000
Case #30:
4919142519 2
70136.598998
69270036931381440 4
16223.193746
-937798722240893056 7
-nan
3323503928284395392 8
206.632926
8754472675734329280 7
508.197888
8899447676711741280 8
233.706280
-7843495346481516152 5
-nan
Case #31:
25890 1
25890.000000
25890 1
25890.000000
25890 1
25890.000000
25890 1
25890.000000
25890 1
25890.000000
25890 1
25890.000000
25890 1
25890.000000
25890 1
25890.000000
25890 1
25890.000000
Case #32:
-5728934940227464784 7
-nan
-3957145148982956208 9
-nan
7419394100 3
1950.396071
-1792039808437845656 8
-nan
1059056934773150 4
5704.660810
315530706 1
315530706.000000
Case #33:
77036648119704 3
42549.957055
Case #34:
664402754 1
664402754.000000
758501389 1
758501389.000000
503950411764425306 2
709894648.355955
503950411764425306 2
709894648.355955
664402754 1
664402754.000000
758501389 1
758501389.000000
758501389 1
758501389.000000
664402754 1
664402754.000000
Case #35:
40 2
6.324555
40 2
6.324555
10 1
10.000000
8382919020 2
91558.282094
8382919020 2
91558.282094
40 2
6.324555
10 1
10.000000
Case #36:
-5326705246424211760 3
-nan
2922232727566584160 3
1429678.107013
-5326705246424211760 3
-nan
Case #37:
160707613693116275 2
400883541.309838
246516290587817039 2
496504069.054642
-590176697090701249 3
-nan
Case #38:
8 1
8.000000
8 1
8.000000
8 1
8.000000
8 1
8.000000
Case #39:
-8599787933875811064 9
-nan
2495331390 3
1356.363445
3244665070 2
56961.961606
-2866595977958603688 8
-nan
2571450 4
40.044652
857150 3
94.991689
5 1
5.000000
Case #40:
491251441680 5
217.901775
-1195450329933493936 5
-nan
2779787593040818144 7
431.378804
9097248920 3
2087.549069
-1195450329933493936 5
-nan
5131318363921909536 7
470.857889
Case #41:
36 2
6.000000
7296258825 2
85418.141077
810695425 1
810695425.000000
4 1
4.000000
810695425 1
810695425.000000
4 1
4.000000
29185035300 3
3078.837311
Case #42:
7354625358879 2
2711941.252844
80083467 1
80083467.000000
Case #43:
2746883785196250 2
52410722.044218
-8078769269158710214 3
-nan
-4985972935559705584 6
-nan
2902390665930 3
14264.349008
-478218714474882800 4
-nan
Case #44:
31518524016810 2
5614136.088198
-6015530450905873092 5
-nan
7207394289453160920 6
1389.834368
Case #45:
6290807736 2
79314.612374
645117476 2
25399.162900
Case #46:
7 1
7.000000
Case #47:
2167855318377654272 7
416.325392
Case #48:
56810 1
56810.000000
56810 1
56810.000000
56810 1
56810.000000
56810 1
56810.000000
56810 1
56810.000000
56810 1
56810.000000
56810 1
56810.000000
56810 1
56810.000000
56810 1
56810.000000
Case #49:
490389772 1
490389772.000000
6041720459267932160 9
122.122483
-7084138407550839128 3
-nan
1828247866289208000 3
1222770.704095
41473734187356 2
6440010.418265
3077102234296691064 3
1454500.835971
-943018690868884608 4
-nan
339838228 1
339838228.000000
38241463066625 2
6183968.229755
4481490370439168000 4
46010.358470
Case #50:
632837804536302624 2
795511033.572950
18166660560 3
2628.804970
10 2
3.162278
90 3
4.481405
Case #51:
765844655779738032 2
875125508.587047
976543791 1
976543791.000000
765844655779738032 2
875125508.587047
784239952 1
784239952.000000
765844655779738032 2
875125508.587047
784239952 1
784239952.000000
Case #52:
14 2
3.741657
6 2
2.449490
3 1
3.000000
14 2
3.741657
2 1
2.000000
14 2
3.741657
6 2
2.449490
3 1
3.000000
7 1
7.000000
Case #53:
79477 1
79477.000000
10771055 1
10771055.000000
3874487451651610 3
157062.107112
856051138235 2
925230.316319
4526 1
4526.000000
79477 1
79477.000000
3874487451651610 3
157062.107112
856051138235 2
925230.316319
10771055 1
10771055.000000
Case #54:
10 1
10.000000
10 1
10.000000
10 1
10.000000
10 1
10.000000
10 1
10.000000
10 1
10.000000
10 1
10.000000
10 1
10.000000
10 1
10.000000
10 1
10.000000
Case #55:
6966469970957793276 4
51375.160583
-6848223575399185216 8
-nan
129824754635447280 4
18981.886734
-26699667526641536 7
-nan
945680 2
972.460796
13553059258320 3
23842.169934
14316395265810 3
24281.633152
-6848223575399185216 8
-nan
8027228846611127476 4
53228.154782
-240297007739773824 8
-nan
Case #56:
13297 1
13297.000000
-1004071264342797564 4
-nan
-5037833444164611442 3
-nan
833105883 1
833105883.000000
76129215588540 2
8725205.761960
61465749535500 2
7840009.536697
-275024266623441064 4
-nan
Case #57:
519425398 1
519425398.000000
8225961199182257728 5
6067.884860
60 2
7.745967
15739740720 4
354.200682
8225961199182257728 5
6067.884860
11611014837768 3
22644.186686
6169470899386693296 5
5728.614316
331992 2
576.187469
-7892677046498246560 6
-nan
60 2
7.745967
Case #58:
1 1
1.000000
4 2
2.000000
Case #59:
99724 1
99724.000000
18613 1
18613.000000
1215838386 2
34868.874172
1856162812 2
43083.208005
121248267205464 3
49494.679183
1215838386 2
34868.874172
1215838386 2
34868.874172
1856162812 2
43083.208005
1215838386 2
34868.874172
Case #60:
22497781148394 2
4743182.596991
8 1
8.000000
20328620544 3
2729.203816
60985861632 4
496.943816
1473729620962734080 5
4302.130326
Case #61:
2 2
1.414214
6 2
2.449490
Case #62:
32 1
32.000000
32 1
32.000000
32 1
32.000000
32 1
32.000000
32 1
32.000000
32 1
32.000000
32 1
32.000000
32 1
32.000000
32 1
32.000000
Case #63:
5965099689834800 5
1429.300485
5716727719120414304 5
5641.953488
52371959805440 5
554.395588
-1962371667491578880 10
-nan
111344 2
333.682484
3123457100467106816 7
438.622385
470361760 3
777.697439
117590440 3
489.918687
940723520 4
175.131997
200122965298147259 2
447351053.757725
Case #64:
15 2
3.872983
11586963915 3
2262.854091
Case #65:
-3146044562399140474 3
-nan
Case #66:
4 1
4.000000
4 1
4.000000
4 1
4.000000
Case #67:
-518842022517576704 8
-nan
16044271380 3
2522.164061
-5868969708746668032 8
-nan
114084854377600 4
3268.187752
-5868969708746668032 8
-nan
3336973222880 3
14943.451117
20021839337280 4
2115.319598
-1580465508018927360 6
-nan
839834947469547520 9
98.079243
8433956860816059776 7
505.497216
Case #68:
1249348657738818852 4
33432.658609
381323819 1
381323819.000000
23236 1
23236.000000
1249348657738818852 4
33432.658609
Case #69:
-4289103443496110140 4
-nan
Case #70:
1093101486235157504 8
179.817751
3435836187142037778 3
1508959.151005
1097862689332333056 7
377.764503
-2229437527586336372 4
-nan
8683499734429119488 10
78.319423
-5119392825692666110 4
-nan
-7087136087259312512 7
-nan
-5119392825692666110 4
-nan
5623399794 2
74989.331201
610989137 1
610989137.000000
Case #71:
2731456 3
139.786341
-8113078368899479552 7
-nan
2048592 3
127.004319
536221936 2
23156.466397
8940848645956321280 8
233.841906
2048592 3
127.004319
114399765959744032 2
338230344.528317
64 2
8.000000
-7438109475907278336 5
-nan
686398595758464192 3
882115.517903
Case #72:
812229559 1
812229559.000000
1890222564035761760 3
1236434.119778
813724691 1
813724691.000000
1779517417996591952 3
1211808.741745
2001369076 2
44736.663666
-4528613692973865932 3
-nan
3977115299086753520 4
44657.257174
-4528613692973865932 3
-nan
Case #73:
-7036648907570487416 7
-nan
Case #74:
96435118306560 4
3133.710007
7807317940090950600 4
52859.794013
-3725157716926161756 5
-nan
-3725157716926161756 5
-nan
-716178043685028656 7
-nan
9643511830656 3
21285.232868
4839524757919357584 5
5457.082798
4386623532271603200 5
5350.890612
4821755915328 2
2195849.702354
240714688 1
240714688.000000
Case #75:
11340985920 4
326.334284
8 1
8.000000
-8249976840472305856 5
-nan
100920 2
317.679083
112376 2
335.225297
28094 2
167.612649
14047 1
14047.000000
Case #76:
401628695178186273 5
3317.148750
90692303531958840 2
301151628.805090
734463092777273836 2
857008222.117661
-7349324874686097004 4
-nan
Case #77:
7 1
7.000000
7 1
7.000000
7 1
7.000000
7 1
7.000000
7 1
7.000000
7 1
7.000000
7 1
7.000000
7 1
7.000000
Case #78:
694622566186521336 4
28869.364377
Case #79:
5871469320 3
1804.051504
4 1
4.000000
314928015552800 3
68035.737814
314928015552800 3
68035.737814
332680 2
576.784188
1467867330 2
38312.756753
Case #80:
696360 2
834.481875
7 1
7.000000
696360 2
834.481875
696360 2
834.481875
Case #81:
23486417885 3
2863.775227
23486417885 3
2863.775227
1025728802449802990 3
1008503.748761
3639625555 2
60329.309253
3 1
3.000000
35 2
5.916080
739823048 2
27199.688381
1042494341220498320 4
31953.499366
3 2
1.732051
1764991271867196896 5
4460.140219
Case #82:
40553007750 4
448.751350
407698086607193048 3
741502.963511
4636833875868259800 6
1291.329055
56785 1
56785.000000
4636833875868259800 6
1291.329055
3261584692857544384 4
42496.891596
501116872387703296 10
58.883539
3433305489603673824 4
43045.535206
-2404826237297616960 4
-nan
35514854761636 2
5959434.097432
Case #83:
10808597184 3
2211.005268
Case #84:
240463088890848 4
3937.876625
5089381326 2
71339.899958
47248 2
217.366051
2585457808 3
1372.500417
2585457808 3
1372.500417
Case #85:
1041544095262610688 5
4013.613347
776683202663894016 7
359.541586
134016 2
366.081958
-4967082009864443392 7
-nan
4153835028 3
1607.495434
22675415868096 2
4761871.046983
90707 1
90707.000000
3 1
3.000000
2998128232944330240 8
203.988778
295969379301652 3
66642.138869
Case #86:
4372840374 2
66127.455523
54940 1
54940.000000
9140006107897303440 4
54984.036790
732789720 2
27070.089028
75866 1
75866.000000
252121736392344 3
63173.765382
42237266671080 3
34825.599550
58324944908412 3
38780.920427
Case #87:
22167 1
22167.000000
6098597500 2
78093.517657
44334 2
210.556406
-2695796701406292984 5
-nan
123762 2
351.798238
665260251210361500 3
872965.723709
9002168487285 2
3000361.392780
82525 1
82525.000000
-2889254617136015640 6
-nan
18004336974570 3
26209.518604
Case #88:
246148587448091784 2
496133638.698377
429090868 1
429090868.000000
2354731795005214736 5
4724.852873
553924596 3
821.265445
3687872617337261376 7
449.155331
50206 1
50206.000000
40262 1
40262.000000
3622160488781629568 8
208.867545
-5906394754889764608 8
-nan
4243847497800652208 4
45387.884632
Case #89:
129378559128963 3
50577.120884
6172538658613824064 8
223.258487
2242766988 2
47357.860889
5014016130620341888 9
119.618517
-1418296920899048332 6
-nan
1409263577625166956 3
1121150.915557
-2009356723383029696 5
-nan
2579576474006248928 8
200.190540
2579576474006248928 8
200.190540
-5115210768466795456 7
-nan
Case #90:
2875330352104624856 3
1421987.950300
64848751128 3
4017.604720
862171643 1
862171643.000000
8 1
8.000000
88149 1
88149.000000
91959 1
91959.000000
-6558882834416295104 5
-nan
Case #91:
793482048562840 4
5307.430019
Case #92:
2208236609558377992 4
38548.847765
2208236609558377992 4
38548.847765
135993144 2
11661.609837
Case #93:
16 2
4.000000
764528 3
91.438929
32 2
5.656854
32 2
5.656854
12232448 6
15.179317
2 1
2.000000
Case #94:
4183816 4
45.226517
1045954 3
101.508917
10802013912768 2
3286641.737818
29286712 5
31.141112
74711 1
74711.000000
2 1
2.000000
9140822115880 7
71.050857
-9037661570721755648 9
-nan
28656477333283800 8
114.065117
10802013912768 2
3286641.737818
Case #95:
2 1
2.000000
Case #96:
-5595991868127641792 5
-nan
24466657800 4
395.497427
8913528806780894272 6
1439.930769
8800468910737915712 7
508.578473
203950 2
451.608237
39988 1
39988.000000
16675886756692800 6
505.453827
-5595991868127641792 5
-nan
Case #97:
258433777549519182 2
508363823.997655
5797876531086107724 3
1796482.485690
Case #98:
108239501542074 3
47657.207884
1436896502500614708 3
1128431.400331
33301 1
33301.000000
442076042 1
442076042.000000
Case #99:
-1073398374862797760 6
-nan
35231 1
35231.000000
10 2
3.162278
6870 2
82.885463
35231 1
35231.000000
242036970 3
623.199700
687 1
687.000000
242036970 3
623.199700
4450794176400035200 8
214.316046
8290108680 3
2023.889239
Case #100:
-7697000360431534848 5
-nan
6230592 5
22.851034
1038432 4
31.922325
2673920264 2
51709.962909
1906238597672448 6
352.124473
-7329009271924335616 8
-nan
-5963813780884798208 7
-nan
1805478456 2
42490.922042
9039710037318950912 10
78.634920
-8681636448603872256 7
-nan
