50
1000 1 19 15 17 14 8 20
1000 8 19 14 16 1 4 20
1000 10 12 9 15 14 1 20
1000 0 999995001 1 0 10000 10000 1000000000
4 272652890 996602417 0 0 434445111 907860319 989937741
3 417078388 430417355 0 0 89214963 726241984 923791060
1 68376703 482358307 0 0 351694239 427656918 945298613
2 415203021 552693630 0 0 91413636 151566945 993737692
2 56393090 138457665 0 0 24122325 292490945 998201196
1000 362653620 593450011 0 0 46831872 381224576 999796549
1000 428609915 929249658 0 0 271746167 48755516 972717564
1000 298659811 403921917 0 0 225766938 874255092 989037442
1000 251304729 998729787 0 0 40628261 387228249 990901985
1000 467829122 880815111 0 0 537712217 732111426 991465259
1000 502074761 934141943 96666263 633002138 0 0 972896059
1000 293758709 689458099 257849967 888192240 0 0 976717394
1000 42718381 194567506 173062418 136684284 0 0 999681460
1000 370255175 677859229 875605564 629728490 0 0 951010688
1000 355036342 824250247 654561996 826680451 0 0 997079184
1000 411655784 837760187 135874781 142648091 835732052 349371748 996398229
1000 150740617 476003212 120677222 308868323 660862582 92928447 998555179
1000 83453431 412055645 72966983 390100686 121380654 561325790 991964904
1000 708778152 844288548 891814243 478679538 598819344 92146859 971809602
1000 104139106 269362476 89824636 628824584 145722425 968033711 967405705
1000 113979527 764918818 875222704 505707549 55658184 760126129 999389904
1000 744528530 781984304 520401910 92555301 650844019 971875316 957206398
1000 175680320 816240644 5760533 90875901 571227467 428427809 963368242
1000 196834809 833402049 203345452 480654307 52910087 192964704 897359503
1000 191819054 687034108 361440759 836105884 695911003 124102079 962814951
1000 616697172 815147471 29292254 461460162 695086539 81520914 972435976
1000 749048911 975185750 140812568 799132685 48599739 229390827 992553627
1000 204290532 969528149 189021914 458125008 201325481 912299524 972827670
1000 88211200 513305815 954592546 692122810 365042993 143348785 995064644
1000 212623988 731683130 22271191 247538571 130933530 997577448 939674897
1000 665307298 758692252 981140181 763316559 315075352 627128879 843701902
1000 338906529 901717796 846063836 298663348 657772120 204574227 988503586
1000 445351609 647349507 110293492 909267709 913456758 288676370 969100771
1000 230604278 295576937 861314329 185180017 6687398 439046823 956128992
1000 521718262 873022386 332605655 861236941 798571327 584721568 997126391
1000 248561591 628394115 603026929 677698426 967408082 174540353 986040614
1000 398737746 805965048 109025080 212369688 284719761 818711073 981981584
1000 20599927 602433041 102581161 113948024 282908619 866899218 991523528
993 548984092 833121647 528030464 781440435 843917241 754214439 983130781
999 24955729 930950197 96558269 431395673 548470764 231772487 968022412
984 86074868 215201002 746804863 508508871 582533269 243187532 993929607
977 125041950 719214441 413420851 902037398 298736710 430398837 984264624
1000 442533618 572503520 754218768 57133193 697200141 626854266 974495118
1000 706110318 837481993 956089114 102388595 189996773 501477346 930373007
1000 44699716 956266486 518959371 342873423 175919435 606749318 905067786
1000 100457560 687146343 602608406 649936313 585577504 247280937 920504357
