50
1000 1 19 15 17 14 8 20
1000 8 19 14 16 1 4 20
1000 10 12 9 15 14 1 20
1000 0 999995001 1 0 10000 10000 1000000000
4 692559991 846622650 0 0 130432403 186968485 968109035
4 475313293 812733600 0 0 766386151 946713519 990309186
1 126229063 344047390 0 0 258279071 995372135 911081322
4 456384651 906453455 0 0 577237514 120126067 895202849
4 331740022 640595637 0 0 886165756 421852650 928740661
1000 431855448 639851007 0 0 118399552 403082726 922167379
1000 317802991 342158383 0 0 840386351 172283466 996141545
1000 571583957 709371704 0 0 123633583 198015604 959659923
1000 831024586 964381447 0 0 24624119 890632340 982420258
1000 385029690 636149399 0 0 539788766 526746880 965453965
1000 640904367 815553883 907941615 49337798 0 0 991123931
1000 254726678 695994697 948004559 458645418 0 0 989346950
1000 150687750 252009387 29145532 290317692 0 0 982472981
1000 332227823 375717817 227605413 477844393 0 0 959292531
1000 294086665 977345279 502594569 458645457 0 0 999278363
1000 9717756 294458579 929920137 248856167 727265774 22706692 978738030
1000 690968556 874660562 828444365 497393993 424265429 537462626 968054522
1000 633321265 675107109 643411065 81066648 671970993 675942651 962229307
1000 214101304 379119779 88305011 420871695 842271457 920598180 968445770
1000 201630413 744160250 225656573 148357220 956879401 78386836 964218225
1000 149865603 472879531 408013057 213543836 550867537 604394753 951101952
1000 237945014 312493657 920116070 809493445 626375639 259428163 960686928
1000 261299227 945363253 350044109 999695393 748081795 54090729 977307909
1000 692633105 812417573 880661730 534263355 33847911 784352510 862826861
1000 315904509 997598084 129055081 588472189 68394427 753224162 994233462
1000 21613834 733159781 173107995 84220616 536837402 955866995 934253162
1000 434519302 810620713 676880220 701730979 894896208 758729269 978076330
1000 550571511 967412108 985223896 441538711 502293430 270417626 882936088
1000 194965164 871328314 196143718 531540263 103017358 211916766 933879117
1000 10256949 410643399 33603228 586559892 541263623 49424060 984179170
1000 37303950 153834323 900039988 46438717 479217888 755352806 974651931
1000 21090646 607154528 921341937 906133679 281651389 478678848 914238113
1000 586418557 904650902 901684007 462765264 53245637 563688720 977500339
1000 263898802 293423266 895090366 178269755 386971192 186993218 950051940
1000 48142431 105822030 855880509 91339973 816195876 423383853 976279703
1000 465369628 959090104 38945540 180643946 615314938 8446492 978225904
1000 288715575 527454769 126470457 43130788 493838201 821580782 837963000
1000 503216782 773172862 439470491 813659564 574475288 553782145 990919447
991 664027396 793887657 738476189 459918467 277993723 372396508 988529144
982 142053107 609714255 235607259 241705309 82289886 629501613 996003372
993 262471068 968394717 891844610 226329172 826901256 324960322 944865718
993 336126881 693143548 319017765 254936589 834569805 159251772 989449913
1000 80948710 741044771 764283356 538603665 606834535 31045763 990127759
1000 646486347 936329759 758601894 252290230 18769125 49976835 976380005
1000 213453396 400876982 336893115 416885545 414667250 464009501 989277114
1000 429782653 552462780 134171344 742713526 881977936 10078872 992603313
