100
1262 475
516 411
1229 57
612 240
1783 98
710 635
1338 876
1973 89
1394 276
176 140
1396 31
1976 1253
1510 788
1141 750
431 58
1782 413
1376 446
1779 1383
1146 412
138 58
1557 548
1731 665
1651 1470
1015 392
655 129
1675 1547
716 275
507 495
1643 1004
2000 0
1226 61
1386 338
1389 447
878 168
1038 900
1900 242
1605 635
1555 1327
1338 854
295 135
1851 213
1328 1227
1896 773
1103 585
2000 1999
1845 1059
1894 203
641 98
1827 424
1795 746
1657 584
1664 487
1316 292
1001 898
1681 531
1184 1115
626 354
719 386
1655 391
1880 1356
958 315
1624 270
1578 600
1091 1015
605 236
1226 783
643 24
1796 352
1270 106
1916 636
432 30
1 0
1829 1506
1625 1213
2000 1
1943 1879
874 738
1739 757
320 292
1230 118
898 570
789 706
1820 190
1710 997
769 78
1058 871
1295 867
583 150
2 1
1975 541
1680 19
1868 1728
1824 431
1978 828
1734 217
1200 165
953 391
1540 513
928 712
1050 274
