100
806042 515057 195 9986
416917 227071 552 5781
454008 36292 273 9971
334568 861745 43 9964
19569 920708 46 756
732651 916933 67 9924
234310 359603 581 9961
70329 102913 102 1948
185809 744307 299 9930
964558 894577 162 9926
872316 526005 897 4757
128328 456938 354 3365
109226 132994 676 4720
0 0 100 199
606135 848817 615 5414
0 275913 903 1
951206 384081 192 4371
474735 955639 981 9958
914364 0 67 1
922838 423893 302 9952
661098 538200 838 9910
836039 461530 958 9990
893373 951936 837 9980
120151 904159 790 1609
226147 231554 395 9989
554618 39946 802 8555
634651 598211 260 951
765212 290731 922 9911
794545 297269 348 3541
961553 893199 537 9927
360222 575462 418 7332
104719 628235 994 9981
961317 228595 931 9966
629520 0 913 534
158094 439218 858 9955
364512 278484 324 8815
43397 580815 376 9977
159670 422892 243 9966
891078 926600 685 3119
37209 95172 252 9963
368531 57132 850 9908
580181 451959 335 9952
260678 598319 470 1209
743288 299068 338 8383
47185 467140 610 9925
983625 773759 639 9969
346671 839263 835 9930
466264 410053 438 4103
448131 847218 789 9953
327360 341991 623 9970
528842 7955 392 6539
339114 818182 877 3702
114402 0 296 1
524959 120987 487 9969
797534 281495 96 9956
585711 902878 798 523
175986 468129 755 9943
988934 813618 334 442
701861 785220 442 8907
821733 11230 111 6476
76068 194988 520 8767
252074 929041 795 9967
41728 802988 78 9968
259598 990355 261 9941
366090 670099 952 9713
665069 70931 116 9965
0 0 592 4681
891888 580016 294 2602
297004 461601 999 6493
223981 490117 745 1138
428738 322119 160 9943
615702 405416 769 2163
766660 73693 250 4161
426818 820768 92 9993
69917 400095 788 5257
912394 144224 861 9951
214124 678388 985 9406
152077 778256 68 9934
316608 839702 734 4662
109614 410169 260 9975
669619 934400 918 3863
829248 297907 367 2142
70500 974712 398 9903
568678 2122 57 9913
543388 816491 317 9287
0 0 956 1
477335 151756 919 4508
451886 706380 270 9976
532065 793250 603 485
49831 999624 684 6149
329248 801888 485 9931
609277 903290 616 8837
874746 640898 188 8650
48698 520986 718 6097
266402 654100 973 9988
188622 923444 236 5259
289720 951628 508 4965
0 0 10 5
0 0 1000 10000
0 706554 304 5924
