100
154549 306249 8 9144
0 0 923 5764
956411 751436 399 9978
561048 646881 66 843
0 0 10 5
0 335612 814 1
227600 850817 195 2244
108460 314450 149 9990
801195 0 129 3821
927639 163702 944 3055
279267 696401 519 5520
0 0 606 1
24789 404239 259 4121
413823 571660 224 9975
458633 156923 27 8627
544944 435030 808 9952
660260 653404 832 9993
585669 803353 308 6429
172805 46693 703 2073
177188 520511 656 2673
28136 385603 801 9948
840054 837626 887 9945
80028 13233 88 9187
688068 168630 483 9980
615313 871166 557 9909
299699 745165 322 7396
286236 318647 189 9949
177131 275966 357 5357
395607 717035 142 9955
429685 128974 463 9054
48272 562162 684 9978
127579 270946 10 9902
293485 995143 577 9968
122059 441959 615 9975
636997 571514 79 9904
709643 870695 554 9926
40909 592145 125 5799
594976 221830 544 9955
928422 107794 361 5369
659438 856061 848 6658
45550 839931 146 9977
716952 860874 675 4539
0 0 100 199
949149 767650 616 6369
601246 354606 309 9970
837443 981027 338 6430
474396 974523 437 9935
579560 518043 228 9998
663239 876975 310 5928
204024 404731 784 9905
272029 573385 873 9916
164299 565515 529 8804
496634 768652 359 9912
808095 351196 694 5952
447289 928336 112 4281
949706 765307 886 1149
193694 654589 445 9982
225396 754727 406 9966
227108 228293 411 5423
479877 917953 832 9945
277836 121566 926 9241
228708 379857 271 6235
839255 912747 7 2144
762234 522751 184 9994
53895 840373 121 9943
976025 21788 735 6122
470693 988969 308 9972
328709 456903 417 9999
942514 0 987 1
258093 351754 500 9993
524450 974608 258 9942
117788 0 717 1
586340 369904 451 9959
486750 584234 575 824
975350 125696 566 9929
882394 268836 191 9951
129061 341145 487 4517
80656 157429 115 8507
826945 171493 979 9979
0 293105 355 8898
86498 106728 749 961
429192 306365 268 9946
514745 465892 732 207
809908 231697 118 8760
999913 578966 566 8194
528602 749737 55 4413
562320 92522 98 9906
645899 5002 675 9916
330592 848138 578 9945
722696 682879 961 4191
61878 204733 645 7
609395 118288 912 9939
293086 217687 503 1015
48355 18660 121 9971
708707 188955 331 9994
53388 627636 133 8234
411863 51170 3 9277
0 0 1000 10000
198405 693986 40 9970
326407 453103 340 4318
