100
792236 29105 585 9906
0 0 1000 10000
28539 968001 126 3491
781500 0 76 1
187968 338959 487 8614
687761 2573 886 9936
280570 472381 74 9971
544495 68686 27 2680
971160 511941 872 9969
462574 612451 744 9990
660967 363050 651 9994
216318 448511 655 9934
918799 586004 867 9087
106365 479329 265 9977
974318 534540 204 9950
578800 978967 2 1972
666169 841669 696 7100
11471 35311 87 9987
292184 12157 488 5203
0 0 10 5
343018 693282 5 5919
785046 982631 604 9950
563418 836045 925 2756
857250 368391 551 9981
748640 134603 146 9907
531318 678962 229 9070
963352 850126 540 4361
572737 161284 67 9945
271326 970221 358 3004
721788 550640 285 9932
600153 439581 545 9907
802572 411910 772 4721
602862 981636 76 9986
808202 445623 575 9909
525157 28829 58 1817
832439 329772 503 8698
123435 366233 66 1500
412748 558863 826 9980
492665 97627 123 9976
695083 195636 775 1936
36768 713839 631 3279
884350 431315 315 962
73078 965618 160 8881
646225 334870 221 7195
366958 600528 546 9989
777649 829201 41 2685
563380 204263 863 9971
637550 0 496 8927
511303 457451 378 1935
180077 774960 419 9921
983618 716486 76 3777
923446 141028 229 3442
402881 816940 959 2640
663163 225335 490 9901
614678 863548 578 9972
276402 506835 624 9924
49202 429770 622 3362
372878 689686 920 9937
149459 573243 765 2054
904331 525539 951 1054
0 0 100 199
292580 87337 251 3390
618479 784034 197 3018
904613 774441 303 9999
748535 656204 668 9941
797687 190720 908 2250
199703 388881 65 9963
340120 411803 939 9989
918455 456626 736 9994
638544 286442 289 9947
183535 720315 839 9937
470426 517439 206 9961
939543 661374 344 4312
448558 459294 180 4199
849067 66845 844 9913
652780 0 933 1
0 606425 510 1
567767 968281 833 9924
906479 19314 772 3623
146550 528974 344 2858
883725 639143 918 1042
435968 129782 485 4928
49367 306068 211 9967
572085 510034 896 9994
0 0 2 1540
539169 364974 741 9976
284765 37989 264 3694
171579 706667 912 9942
711298 450860 281 9967
44522 997639 672 9966
530423 377330 773 6983
126305 842657 368 9962
713873 675131 48 7956
0 0 73 1
32737 442359 496 9192
274429 569381 288 3469
575637 759364 524 9913
0 883440 120 4087
20664 730884 844 9111
747266 329005 34 7139
